12345678
123456789
1234567890
88888888
11111111
password
00000000
87654321
11223344
987654321
12341234
0987654321
10203040
1122334455
12344321
0123456789
20202020
123123123
77777777
12345678910
11112222
1234554321
22222222
55555555
1234512345
12121212
99999999
12345679
1020304050
peoplenet
20202021
internet
100200300
infusion
66666666
abcd1234
123456788
20002000
9876543210
999999999
23456789
qwertyuiop
20222023
1234567899
10101010
12345678900
aaaaaaaa
1111111111
20222022
123456780
66668888
12345677
00001111
123454321
0000000000
20232023
20212022
20242024
01234567
20232024
12345670
20212021
33333333
76543210
20242025
a1b2c3d4e5
10002000
012345678
qwerty123
000000000
20192020
111222333
0102030405
88889999
1234567891
20202030
98765432
44444444
01020304
111111111
asdfghjkl
09876543
1q2w3e4r
1029384756
12348765
qwertyui
12131415
XMNVR123456
55556666
12345678@
1357924680
112233445566
00000001
12346789
20192019
22334455
1qaz2wsx
90909090
123456789@
11110000
1223334444
13131313
22446688
bismillah
        
123456789a
44445555
1234abcd
12345678a
1a2b3c4d5e
20252025
12345678901
123456781
12345687
25252525
1sampai8
P@ssw0rd
20102010
77778888
20302030
10001000
2020@2020
19901990
20202022
goodlife
abc12345
abcdefgh
admin123
a1b2c3d4

